7 32 38 64 25
45 20 76 64 13
83 32 108 64 25
115 20 149 64 13
156 32 185 64 25
192 20 217 63 13
224 32 255 75 25
262 20 292 64 13
299 20 315 64 13
314 20 338 75 13
345 20 377 64 13
384 20 400 64 13
407 32 454 64 25
461 32 494 64 25
7 107 38 139 25
45 107 78 150 25
85 107 116 150 25
123 107 147 139 25
154 107 181 139 25
188 101 210 139 19
217 107 250 139 25
257 107 289 139 25
296 107 341 139 25
348 107 381 139 25
388 107 420 149 25
427 108 454 138 26
461 96 500 139 14
7 171 43 213 14
50 170 84 214 13
91 171 128 213 14
135 171 165 213 14
172 171 200 214 14
207 170 244 214 13
251 170 290 213 13
297 171 323 213 14
330 171 358 214 14
365 170 403 214 13
410 170 436 213 13
443 170 497 214 13
7 234 46 278 13
53 234 95 278 13
102 235 136 278 14
143 234 185 288 13
192 235 227 278 14
234 234 266 278 13
273 235 303 278 14
310 235 348 278 14
355 234 395 278 13
402 234 459 278 13
7 308 48 352 13
54 308 94 352 13
101 309 135 351 14
142 308 180 352 13
187 309 211 351 14
218 308 250 351 13
257 308 289 352 13
296 308 332 351 13
339 309 370 352 14
377 308 412 352 13
419 309 449 352 14
456 308 490 352 13
7 372 41 416 13
48 405 66 422 46
73 403 87 416 44
94 372 129 416 13
136 372 153 416 13
160 384 177 416 25
184 373 212 415 14
219 373 237 415 14
244 384 261 422 25
268 373 294 420 14
301 373 326 420 14
333 376 362 415 17
369 376 396 415 17
403 374 455 421 15
7 443 57 486 14
64 437 96 492 8
103 442 151 486 13
158 442 198 486 13
205 462 233 485 33
240 448 276 485 19
283 466 315 485 37
322 455 357 485 26
364 437 387 492 8
394 437 417 492 8
424 485 462 494 56
